-46.41987276911119 22.26464641687786
-31.387592505098628 16.323745234693227
-18.425626289423125 23.164782959633108
-4.383496222441329 30.99597088160376
9.118551918887318 31.44603915298138
15.959589643827167 28.475588561889065
20 25
21.990504480287296 21.09446891129604
23.70076391152226 15.60363600048903
22.44057275166492 10.742898669610696
19.74016312339919 6.512256918661033
15.419507718174021 3.361779019017668
11.638934238602 -0.5088081148298952
10.648784041571233 -4.649436211504033
12.719098089908291 -10.590337393688664
17.759862729337655 -16.1711839587712
24.33085949145093 -23.192248992262126
30.18174701936001 -31.293477877059352
25 -40
12.539070781357243 -41.46502081019364
2.907609773876141 -41.014952538816026
-10 -40
-21.03602226341333 -37.234379059243984
-29.677333073863664 -32.1936144198146
-37.50852099583428 -29.31317748299781
-37.328493687283235 -14.730965490362802
-31.207565196547577 -8.61003699962712
-23.286363620301437 -6.8997775683921505
-18.96570821507627 -10.32029643086209
-15.63520300688187 -15.181033761740427
-12.664752415789568 -19.231648204139038
-4.563523530992378 -26.252713237629965
3.0876370824271895 -28.683081903069134
9.928674807367038 -26.342726891905492
10 -20
5.427992093590822 -15.631102033118049
-4.023441605339232 -3.929326977299835
-15.63520300688187 5.792147684456836
-27.51700537125108 5.88216133873236
-44.2595450664986 8.13250269562048
-57.13149762789858 13.353294643600913
-59.47185263906221 21.72456449122471
-53.53095145687761 27.39542471058277